-0.00115061	-0.00278537	-0.000259664
-0.00257417	-0.0096644	-0.000350332
-0.00208755	-0.0168705	0.000295401
-0.00137671	-0.0286546	0.00178875
-0.00341416	-0.0388939	0.00494343
-0.00218708	-0.0474222	0.00590057
-0.00236238	-0.0605618	0.00604213
-0.00228486	-0.070019	0.00704615
-0.00181274	-0.0745431	0.00806364
-0.000576881	-0.0759488	0.00841857
0.00175763	-0.0711005	0.00809938
0.000847689	-0.0668084	0.00798101
0.000295673	-0.0585638	0.00727055
-0.00160441	-0.0517394	0.00806319
-0.00114388	-0.0430833	0.00952518
0.000308758	-0.0340035	0.0109122
5.0384e-05	-0.0262006	0.0123721
-0.000823352	-0.0197557	0.0135221
-0.00343292	-0.0192265	0.0143433
-0.0065361	-0.0198678	0.0141208
-0.00745207	-0.0247802	0.0123359
-0.00710003	-0.0342506	0.0106776
-0.00621635	-0.0462212	0.00958083
-0.00481078	-0.0574272	0.00993
-0.00368727	-0.068775	0.0104616
-0.00359677	-0.0754565	0.0127489
-0.00146655	-0.0750225	0.0159886
0.000511138	-0.0744058	0.0179923
0.00108875	-0.0697169	0.0187391
-0.000980495	-0.0599135	0.019986
-0.00203863	-0.0492302	0.0207768
-0.00425077	-0.0421294	0.0207017
-0.00473509	-0.0352699	0.0191862
-0.00482627	-0.0299179	0.0179733
-0.00448236	-0.0263207	0.0180736
-0.00360718	-0.0230537	0.020632
-0.00459652	-0.0225538	0.0231331
-0.00748675	-0.0246029	0.0233073
-0.00798996	-0.0306217	0.0219047
-0.00879736	-0.041986	0.0202009
-0.0115069	-0.0579589	0.0195798
-0.0096643	-0.0693367	0.0184264
-0.00872625	-0.0796275	0.0184803
-0.00723264	-0.0818143	0.0192416
-0.00770382	-0.0833684	0.0202237
-0.00741466	-0.0771258	0.0206136
-0.00903217	-0.0654089	0.0213136
-0.00978855	-0.050916	0.0223594
-0.0107804	-0.0361194	0.0230783
-0.0131176	-0.0262592	0.0237401
-0.0131504	-0.0190907	0.0233239
-0.0140024	-0.0174871	0.0235233
-0.0139289	-0.0170276	0.023027
-0.0155298	-0.0222427	0.0224632
-0.0160204	-0.0304703	0.0222198
-0.0172145	-0.0391712	0.0226348
-0.0170034	-0.0484289	0.0227605
-0.0169724	-0.0585194	0.0229557
-0.0152173	-0.0683125	0.0226994
-0.0140459	-0.076268	0.0227579
-0.0154082	-0.0807065	0.0235208
-0.0142175	-0.078054	0.023877
-0.0138192	-0.0728365	0.0243532
-0.0170222	-0.065653	0.0242816
-0.0182887	-0.0549855	0.0244587
-0.0175338	-0.0449039	0.0248156
-0.0173158	-0.0339742	0.025282
-0.0188354	-0.0246592	0.0252016
-0.0187579	-0.0160499	0.0255594
-0.0187523	-0.0106608	0.025856
-0.019614	-0.00803535	0.0258324
-0.0220352	-0.00981648	0.0251708
-0.0229084	-0.0123237	0.0246128
-0.0239165	-0.0167828	0.0246863
-0.0239346	-0.0240453	0.0236584
-0.0227528	-0.0323213	0.0218808
-0.0247929	-0.0437566	0.0210367
-0.0236546	-0.0521824	0.0197606
-0.022462	-0.058831	0.0198815
-0.0209379	-0.0611696	0.020179
-0.0214171	-0.0640161	0.0200543
-0.0223839	-0.0652203	0.0202158
-0.0222771	-0.0650541	0.0207415
-0.0231069	-0.064696	0.020639
-0.0228489	-0.0605787	0.0200866
-0.0218205	-0.0546635	0.0201791
-0.0229706	-0.0447758	0.0212872
-0.0245747	-0.0347065	0.0215329
-0.0247424	-0.0247324	0.020765
-0.0237568	-0.0166283	0.0204357
-0.0245303	-0.0138654	0.0203693
-0.025324	-0.0144471	0.0208154
-0.0252365	-0.0156937	0.0205213
-0.0252934	-0.0177016	0.0203367
-0.0258742	-0.0207403	0.0197609
-0.0263604	-0.0247982	0.019382
-0.0263203	-0.0285852	0.0188375
-0.026185	-0.0336431	0.0175014
-0.0241174	-0.0402915	0.0148288
-0.0236236	-0.0469338	0.0147575
-0.0236404	-0.054269	0.0154493
-0.0228641	-0.062606	0.0155613
-0.0224806	-0.0668414	0.0158416
-0.021678	-0.0680138	0.0164917
-0.0227428	-0.067847	0.0165254
-0.0228391	-0.0667756	0.0156678
-0.0234572	-0.062511	0.0161838
-0.0240219	-0.0549234	0.0172975
-0.0255174	-0.0474815	0.0183042
-0.025854	-0.0395332	0.0180104
-0.024713	-0.0326042	0.0179352
-0.0242574	-0.0276046	0.0185523
-0.02502	-0.0250934	0.01909
-0.0250071	-0.0225041	0.0176819
-0.0251638	-0.0186103	0.0174573
-0.0241992	-0.0155068	0.0179358
-0.0235963	-0.0154688	0.018616
-0.0237083	-0.0175411	0.019801
-0.0247639	-0.0234882	0.0204833
-0.0255099	-0.0330271	0.019876
-0.0247243	-0.0453031	0.0182834
-0.0237582	-0.0559369	0.0166396
-0.0225496	-0.0630905	0.0164369
-0.0215029	-0.0681995	0.0167347
-0.0213418	-0.071461	0.0164052
-0.0209581	-0.074095	0.0163401
-0.0204567	-0.0749439	0.0158008
-0.0207217	-0.0755875	0.0152512
-0.021225	-0.0745324	0.0157051
-0.0233976	-0.0726153	0.0163432
-0.0241638	-0.067651	0.0163288
-0.0248103	-0.059628	0.0170802
-0.0250017	-0.0495092	0.018386
-0.0241312	-0.0387688	0.0192364
-0.024465	-0.0288677	0.0196774
-0.0246738	-0.0218736	0.0198423
-0.0246118	-0.0170278	0.0208049
-0.0236615	-0.0132894	0.0213398
-0.0216186	-0.0108458	0.020866
-0.0215344	-0.00935673	0.0209336
-0.0227005	-0.0097346	0.0219359
-0.0234866	-0.0119825	0.0215785
-0.023695	-0.0169258	0.0201787
-0.0236772	-0.0252125	0.0190869
-0.0233841	-0.0371707	0.0181017
-0.0231447	-0.0488066	0.0168454
-0.022977	-0.0582734	0.0161906
-0.0208966	-0.0653205	0.0154605
-0.0197224	-0.0727955	0.0150805
-0.0184886	-0.0776153	0.0151464
-0.0176341	-0.081521	0.014953
-0.0164169	-0.0817743	0.014575
-0.0173069	-0.078556	0.0144944
-0.0178917	-0.0745075	0.0160667
-0.0184813	-0.0668378	0.0181915
-0.0202013	-0.0573847	0.0193832
-0.0214963	-0.0452817	0.0213963
-0.0240627	-0.0362991	0.0231886
-0.0255752	-0.0306558	0.0240057
-0.0263497	-0.0243841	0.0246083
-0.0263251	-0.0191489	0.0244197
-0.0274067	-0.0176945	0.0243625
-0.0287203	-0.0184115	0.0240171
-0.0296309	-0.0217349	0.0222908
-0.0307245	-0.0288121	0.0201269
-0.0306782	-0.0349206	0.0175604
-0.0286608	-0.0418669	0.0152732
-0.0267	-0.0487011	0.013896
-0.0279183	-0.0557503	0.0131775
-0.0267951	-0.0607423	0.0122318
-0.0247985	-0.0625365	0.0116685
-0.0244667	-0.0646781	0.0119642
-0.0242279	-0.065311	0.0120403
-0.0250794	-0.0618524	0.0117036
-0.0257157	-0.0546255	0.0118523
-0.0256037	-0.0465015	0.012067
-0.028176	-0.0371559	0.0128633
-0.0303412	-0.0264292	0.0123629
-0.029761	-0.0167919	0.0091985
-0.0321515	-0.0096119	0.00801325
-0.0364104	-0.00557245	0.00698216
-0.0389325	-0.00438458	0.00698705
-0.0373842	-0.00433816	0.00627105
-0.0361934	-0.0051069	0.0064227
-0.0359902	-0.00747145	0.0068628
-0.0375426	-0.0113818	0.00733661
-0.0383339	-0.0159677	0.00869045
-0.0388437	-0.0227953	0.00913805
-0.0390734	-0.029939	0.00942105
-0.0379708	-0.0360021	0.00948543
-0.0366095	-0.0413716	0.00953895
-0.0358064	-0.0467184	0.00926245
-0.0371358	-0.0529107	0.00819535
-0.0386267	-0.0537704	0.00767024
-0.0391425	-0.0486442	0.00824973
-0.040448	-0.0436197	0.007607
-0.0417496	-0.036945	0.0058198
-0.0427534	-0.0263484	0.00611861
-0.0417985	-0.0143168	0.0093736
-0.0410809	-0.00619982	0.0110356
-0.0425611	-0.00389295	0.010371
-0.0429963	-0.000941172	0.0104788
-0.0446746	-0.000651161	0.0118211
-0.0462727	-0.00391629	0.0131061
-0.0451931	-0.00697858	0.0141033
-0.0460396	-0.0111364	0.0155075
-0.0465361	-0.0159771	0.016539
-0.0476457	-0.0226144	0.0166006
-0.0477105	-0.0305973	0.0160967
-0.0459124	-0.0381535	0.0150558
-0.0448893	-0.044978	0.014442
-0.0439444	-0.052125	0.0127835
-0.044567	-0.0589925	0.0112959
-0.0445786	-0.0612057	0.0109934
-0.0417841	-0.0609592	0.0103341
-0.0378948	-0.0570856	0.00976295
-0.0354489	-0.0521978	0.0098656
-0.0352689	-0.046944	0.0094107
-0.0353326	-0.0410444	0.0086931
-0.0333109	-0.0330847	0.0077643
-0.0297376	-0.0244556	0.00705563
-0.027395	-0.0187954	0.00666468
-0.0269263	-0.0147543	0.0067418
-0.0300597	-0.0120747	0.00726444
-0.0320105	-0.0118729	0.0072076
-0.0337137	-0.0115668	0.00746939
-0.0356796	-0.0160789	0.00878916
-0.0362457	-0.0239092	0.00974728
-0.0339302	-0.0331561	0.00997038
-0.0322197	-0.0416083	0.0107137
-0.0318923	-0.0497509	0.0119528
-0.0320281	-0.0561807	0.0125382
-0.0318264	-0.0599765	0.0121805
-0.0312206	-0.0623933	0.012106
-0.0311227	-0.0618805	0.0129305
-0.0308498	-0.0599244	0.012828
-0.0311961	-0.056389	0.0122866
-0.03133	-0.0501705	0.0124947
-0.0309332	-0.0408509	0.0122693
-0.0313736	-0.0339896	0.0128137
-0.0309622	-0.0277	0.0126461
-0.0318666	-0.0215992	0.0132643
-0.0328041	-0.0173691	0.0143406
-0.0336381	-0.013667	0.014013
-0.0361355	-0.0118531	0.0149796
-0.0375063	-0.0141737	0.0149714
-0.0377873	-0.0191837	0.0130673
-0.0367149	-0.0249528	0.0102912
-0.0347095	-0.034111	0.0081261
-0.0333654	-0.0444215	0.00740648
-0.0345142	-0.0538185	0.00771415
-0.0333139	-0.0597738	0.00663844
-0.0316207	-0.0654821	0.00503882
-0.0305482	-0.0674782	0.00339706
-0.030317	-0.0675847	0.00263714
-0.0301674	-0.0657249	0.00227657
-0.0307127	-0.0605145	0.00280641
-0.0313897	-0.0542159	0.00239052
-0.0313062	-0.04564	0.0017973
-0.0309357	-0.0368314	0.000819822
-0.0318847	-0.0293838	0.000786721
-0.0329155	-0.0237859	0.00251506
-0.0333493	-0.020052	0.00344705
-0.0343399	-0.0178916	0.00388422
-0.0344205	-0.0189328	0.00430841
-0.0347406	-0.0215887	0.00433434
-0.0337087	-0.0260889	0.00412658
-0.0315942	-0.0324047	0.00322023
-0.0302876	-0.0410558	0.00164796
-0.0287208	-0.0536524	0.000128812
-0.0278013	-0.0635393	-0.000506349
-0.028018	-0.071606	0.00073034
-0.0271755	-0.07772	0.00193712
-0.025329	-0.0776798	0.00285272
-0.0245033	-0.0743271	0.00441515
-0.0249133	-0.067982	0.0063475
-0.0249874	-0.0571048	0.00692503
-0.0271393	-0.0441089	0.00709668
-0.0286803	-0.0333262	0.00696855
-0.0302159	-0.0248796	0.00844229
-0.032287	-0.0213857	0.00916335
-0.0319664	-0.0193703	0.00743408
-0.0328535	-0.0214888	0.005607
-0.0344264	-0.0269764	0.00431844
-0.0350304	-0.0351959	0.00401204
-0.0342591	-0.0453383	0.00332233
-0.0312859	-0.0555085	0.00232545
-0.0277959	-0.063913	0.00286412
-0.02515	-0.0698885	0.00449486
-0.025421	-0.0741233	0.0039764
-0.0250546	-0.0734306	0.00231958
-0.0247102	-0.0708246	0.00188797
-0.0227867	-0.0646989	0.00226335
-0.0224427	-0.0576135	0.00211446
-0.0220876	-0.0485895	0.00159423
-0.0225847	-0.0416994	0.00165966
-0.0232029	-0.0360305	0.0022299
-0.0231865	-0.0336708	0.00338942
-0.0198635	-0.0316232	0.00389495
-0.0140359	-0.0307998	0.00367923
-0.0074744	-0.0323791	0.00282463
0.00283875	-0.0340362	0.0020623
0.0141179	-0.0353004	0.00188102
0.0232359	-0.0373783	0.00100543
0.0309559	-0.0379712	-0.000466297
0.0391771	-0.0388872	-0.00147892
0.0474203	-0.0386014	-0.0018438
0.05717	-0.0361035	-0.00386092
0.0648481	-0.0335542	-0.00536983
0.0677915	-0.0332986	-0.00572245
0.065516	-0.0336781	-0.0051159
0.0587095	-0.033881	-0.00445323
0.0489289	-0.0334526	-0.00390023
0.0385295	-0.0341764	-0.0027413
0.0285724	-0.0337602	-0.000669906
0.018282	-0.0343169	0.00166317
0.00828568	-0.0358366	0.00321209
-0.00296188	-0.0373475	0.00506664
-0.0164576	-0.0387319	0.00750588
-0.028829	-0.0411135	0.00981138
-0.038616	-0.0428163	0.0123704
-0.0428594	-0.0426347	0.0141307
-0.0403021	-0.0418288	0.0141794
-0.0338854	-0.0413626	0.0130753
-0.0261678	-0.0412585	0.0123227
-0.0174975	-0.0413476	0.0122558
-0.00642666	-0.0402633	0.0104478
0.00573826	-0.0385759	0.00794788
0.0181765	-0.0342005	0.00526412
0.0294893	-0.0311632	0.00361645
0.0366484	-0.0305395	0.00324767
0.0382653	-0.0309407	0.00223374
0.0350286	-0.0330056	0.000999672
0.0276042	-0.0343736	0.000679867
0.0159386	-0.0360213	0.000775125
0.00448404	-0.0371992	0.00011438
-0.00714997	-0.0387796	0.000191946
-0.0172029	-0.0403116	0.00148476
-0.0265593	-0.0412997	0.00358608
-0.0351047	-0.0411136	0.00424553
-0.0400005	-0.0410225	0.00408502
-0.0447824	-0.0408188	0.0059286
-0.049975	-0.0415219	0.00891597
-0.0544208	-0.0429252	0.0112704
-0.0583665	-0.0442732	0.0131389
-0.0589382	-0.0442354	0.0139884
-0.0569376	-0.0427881	0.0137154
-0.052842	-0.0393213	0.0131325
-0.0466064	-0.0364515	0.0137539
-0.0365594	-0.0341921	0.0135858
-0.0246997	-0.0311584	0.0134525
-0.00940699	-0.0271686	0.0130934
0.0067424	-0.0251999	0.0119563
0.0187606	-0.024051	0.0108046
0.0263582	-0.0241658	0.00992689
0.0297641	-0.0240443	0.0100855
0.0269957	-0.0262057	0.0114671
0.0218046	-0.0263925	0.0122506
0.0136956	-0.0268254	0.0125978
0.00506322	-0.0271637	0.0125441
-0.0048919	-0.0270189	0.013354
-0.0176769	-0.0294092	0.0151738
-0.0290483	-0.0326953	0.0171091
-0.0369691	-0.0322097	0.0177249
-0.0444156	-0.0338358	0.0186409
-0.050448	-0.0347784	0.0182183
-0.054229	-0.0344551	0.017265
-0.0604026	-0.0361795	0.0183347
-0.06505	-0.0372207	0.0192575
-0.0662165	-0.0360564	0.0194375
-0.0648985	-0.0335885	0.0197291
-0.0594795	-0.0326213	0.0183837
-0.0502088	-0.0320752	0.0178774
-0.0356532	-0.0307785	0.0172831
-0.0185481	-0.0279906	0.0157448
-0.00359848	-0.0258007	0.014949
0.0092684	-0.0214456	0.0144534
0.0203271	-0.018082	0.0135711
0.0293039	-0.0167494	0.0119038
0.0345855	-0.0175	0.0105953
0.0353344	-0.0187212	0.00998845
0.0298095	-0.0212074	0.0099867
0.0201275	-0.0237178	0.00971006
0.0104583	-0.0260087	0.00876281
0.00124292	-0.0267888	0.00834471
-0.00920299	-0.0296415	0.0082608
-0.0188349	-0.0323123	0.00902403
-0.0257336	-0.0326073	0.00952825
-0.0337276	-0.0324022	0.010584
-0.0423971	-0.0332669	0.0126848
-0.049097	-0.0325802	0.0140454
-0.0555883	-0.0311624	0.0153526
-0.063785	-0.031404	0.0168514
-0.0704205	-0.0323236	0.0172182
-0.0739975	-0.031438	0.0168229
-0.0730475	-0.0299661	0.0161969
-0.0675662	-0.0279935	0.0150854
-0.0584319	-0.0268991	0.0145423
-0.0460371	-0.0249536	0.0145587
-0.0334447	-0.0242667	0.0143958
-0.02051	-0.0218321	0.0133428
-0.00622415	-0.018092	0.012222
0.00897916	-0.0145523	0.0110362
0.0201162	-0.0126972	0.00898035
0.0272913	-0.0115927	0.00759237
0.0341474	-0.00972132	0.00645075
0.0371077	-0.0100717	0.0064427
0.0355053	-0.0102978	0.00660116
0.0295915	-0.0111614	0.00568325
0.0191349	-0.0128227	0.0046093
0.00578251	-0.0155225	0.00480298
-0.0092095	-0.0181991	0.0054999
-0.0258317	-0.0245172	0.00653484
-0.0400579	-0.0309139	0.00708606
-0.0522496	-0.0342213	0.008752
-0.0619041	-0.0365577	0.0106024
-0.071448	-0.0379427	0.0110224
-0.0807163	-0.0387281	0.0107155
-0.0834285	-0.0390821	0.0104961
-0.0806774	-0.0380741	0.0102865
-0.0730845	-0.0377545	0.0096355
-0.060601	-0.0360887	0.00948895
-0.0444671	-0.0342569	0.0091482
-0.0313338	-0.0306441	0.0092293
-0.0171372	-0.026659	0.0084081
-0.00100166	-0.0226968	0.00803185
0.0137829	-0.018588	0.0086014
0.0264798	-0.0162345	0.00812025
0.0377899	-0.0132105	0.0069223
0.0443451	-0.0134488	0.00651275
0.044834	-0.0140363	0.0051146
0.0370063	-0.0156277	0.00413654
0.0238754	-0.0165539	0.00316986
0.0094953	-0.0166654	0.00245978
-0.0073924	-0.0205595	0.00278183
-0.0225258	-0.0244188	0.00289235
-0.0325106	-0.0268233	0.00299617
-0.0396502	-0.0281347	0.00389952
-0.0452431	-0.0281728	0.00436166
-0.0504293	-0.0288181	0.00493844
-0.0548915	-0.0284391	0.0054338
-0.0591541	-0.0287446	0.0051767
-0.0629817	-0.0277376	0.00463944
-0.0653964	-0.0262102	0.00466405
-0.0620008	-0.0235827	0.00579189
-0.0542643	-0.021569	0.00749005
-0.0417288	-0.0193265	0.00717189
-0.026673	-0.0167054	0.00543186
-0.0143995	-0.014866	0.00458476
-0.0033282	-0.0136966	0.00567007
0.00696097	-0.0128891	0.00751545
0.0174422	-0.00932545	0.00770316
0.0264047	-0.00661571	0.00717282
0.0341893	-0.00368204	0.00661553
0.0402077	-0.00253416	0.00645795
0.0395312	-0.00247133	0.00668967
0.0327526	-0.00213309	0.00653514
0.020383	-0.00269485	0.00713792
0.00310959	-0.00465842	0.00697452
-0.0164058	-0.00892537	0.00742217
-0.0357839	-0.0175209	0.0106183
-0.0506742	-0.0223459	0.0140178
-0.0614198	-0.026715	0.0169432
-0.065954	-0.0275533	0.0187806
-0.0663337	-0.0261513	0.0202109
-0.065513	-0.0255171	0.0208162
-0.0616953	-0.0235716	0.0200403
-0.0531668	-0.0213559	0.0187785
-0.0418764	-0.018012	0.0170273
-0.0267904	-0.0136512	0.014368
-0.00691665	-0.00824615	0.0102119
0.0111489	-0.0050078	0.005975
0.0235779	-0.00177559	0.00269396
0.0291808	-0.000283099	-0.000178739
0.0305738	0.00116598	-0.00587129
0.0298711	0.00397319	-0.0116166
0.0252249	0.00576318	-0.0179259
0.0166942	0.00649214	-0.0241606
0.00677565	0.00544439	-0.0286588
-0.000425869	0.00375917	-0.0310816
-0.0061292	0.00333436	-0.03203
-0.0114319	0.00208144	-0.0327453
-0.0176925	0.000321313	-0.0328226
-0.0249145	-0.00242691	-0.0297467
-0.0314336	-0.00532405	-0.0248468
-0.0364066	-0.00879514	-0.0187667
-0.0416845	-0.014461	-0.0105562
-0.0482354	-0.0190613	-0.00240731
-0.057699	-0.0233578	0.0069271
-0.0679115	-0.0259244	0.0191594
-0.0741831	-0.0244179	0.0330836
-0.0738425	-0.023072	0.0457994
-0.0689945	-0.0213747	0.055881
-0.0601755	-0.0217022	0.0652475
-0.0463794	-0.0225325	0.0703895
-0.0301817	-0.0245228	0.0713333
-0.0125825	-0.0283723	0.067399
0.00360232	-0.0308072	0.058993
0.0193728	-0.0294688	0.0486693
0.031974	-0.0307794	0.0388237
0.0434516	-0.0320931	0.0274865
0.0500291	-0.0317459	0.0175402
0.0586575	-0.0273461	0.00701691
0.0663183	-0.0184218	-0.00351034
0.0653455	-0.0166819	-0.013144
0.0583716	-0.0186956	-0.0209069
0.0488087	-0.0187258	-0.027579
0.0351466	-0.0207571	-0.0327036
0.0209472	-0.0221624	-0.0351793
0.0106722	-0.0211448	-0.0359096
-0.00329546	-0.0216815	-0.0349337
-0.0192536	-0.0253291	-0.0322351
-0.0354084	-0.0269713	-0.0276819
-0.0522975	-0.027034	-0.0208024
-0.0653535	-0.0301763	-0.0117957
-0.0742336	-0.0314639	-0.00126562
-0.0744293	-0.0284179	0.0096331
-0.0690575	-0.0271178	0.0218475
-0.0580245	-0.027715	0.0311779
-0.0454192	-0.0277502	0.0364654
-0.0302715	-0.0293265	0.0395981
-0.0140002	-0.0282588	0.0406686
0.00179088	-0.0291637	0.0394665
0.015679	-0.0330469	0.0351252
0.0300436	-0.0352968	0.0280173
0.043668	-0.0371702	0.0196995
0.0520377	-0.0379431	0.0129658
0.0599644	-0.0355612	0.0052396
0.0631472	-0.033917	-0.00406042
0.06486	-0.0282564	-0.0138159
0.0653505	-0.0214397	-0.022971
0.0588131	-0.0186441	-0.0289265
0.049492	-0.0154807	-0.0333494
0.0383884	-0.0132018	-0.0359392
0.0257572	-0.0130593	-0.0381042
0.0121789	-0.0124141	-0.0409523
0.00170039	-0.0128333	-0.0418338
-0.00791543	-0.0132104	-0.0395729
-0.0206699	-0.0166407	-0.0359344
-0.0331451	-0.0202262	-0.0313543
-0.0452185	-0.0233921	-0.0248715
-0.0566697	-0.026199	-0.0155264
-0.065808	-0.0288263	-0.00512949
-0.0702564	-0.0282993	0.00555296
-0.0722485	-0.0317372	0.0160844
-0.0696405	-0.0352924	0.0267544
-0.0646855	-0.0395323	0.0363613
-0.054854	-0.0428845	0.044571
-0.0419869	-0.0434488	0.0504115
-0.0309916	-0.0448839	0.0527303
-0.0194164	-0.0455196	0.0535265
-0.00786015	-0.044464	0.054742
0.0182821	-0.04683	0.060978
0.0334952	-0.0501947	0.0630914
0.0466971	-0.0527445	0.0612525
0.058581	-0.0512235	0.0530655
0.0689745	-0.0476671	0.039132
0.0736945	-0.0441362	0.0232919
0.0743134	-0.0417591	0.00896426
0.0733115	-0.0402539	-0.00503505
0.070752	-0.0355571	-0.0166257
0.0658237	-0.0306403	-0.0255869
0.0615372	-0.0281183	-0.0336497
0.058563	-0.0270716	-0.03855
0.0508157	-0.0263095	-0.0401293
0.0392191	-0.0301242	-0.0379934
0.0247153	-0.0331612	-0.0332317
0.0100412	-0.0364759	-0.0273272
-0.00354203	-0.0409608	-0.0202418
-0.0157125	-0.0446386	-0.0109304
-0.0248606	-0.045291	-0.000205458
-0.0285526	-0.043318	0.00919974
-0.0317033	-0.0466487	0.019984
-0.0324133	-0.0497131	0.0303754
-0.0286817	-0.0487632	0.0398937
-0.0215212	-0.051688	0.0459203
-0.01148	-0.0523205	0.048284
-0.00442701	-0.0521626	0.0489185
0.00331255	-0.055301	0.0473935
0.00967045	-0.055768	0.0469946
0.0187619	-0.0558355	0.0457055
0.0329869	-0.0548785	0.0425466
0.046953	-0.0556125	0.0381788
0.057628	-0.0556478	0.0344999
0.068655	-0.053221	0.0296111
0.0754673	-0.0495443	0.0218901
0.0776827	-0.0457654	0.0129529
0.0768192	-0.0445266	0.00472469
0.0742288	-0.0411369	-0.00221334
0.069082	-0.0373851	-0.00813825
0.064541	-0.0333222	-0.016629
0.0536649	-0.0316764	-0.0243052
0.0373375	-0.0293657	-0.0301077
0.0186019	-0.0294724	-0.0358254
-0.000537471	-0.0300282	-0.0387572
-0.0168872	-0.0345804	-0.0379723
-0.033273	-0.0396418	-0.0337158
-0.0451058	-0.0424993	-0.0268997
-0.0556194	-0.0463943	-0.0174872
-0.0625582	-0.0472797	-0.0056165
-0.0650215	-0.045483	0.00577555
-0.0633707	-0.0450415	0.0164283
-0.058325	-0.0476353	0.025579
-0.053036	-0.0518792	0.0348639
-0.046762	-0.0566385	0.0418923
-0.0356435	-0.058549	0.0473407
-0.0241316	-0.0607275	0.0508187
-0.0128369	-0.0635664	0.0537396
0.000475915	-0.0661165	0.0537855
0.0120576	-0.067225	0.050997
0.0235726	-0.065619	0.0484363
0.0347638	-0.064499	0.0461791
0.0489074	-0.0628149	0.0412736
0.060541	-0.060384	0.0330356
0.0675625	-0.0550885	0.0225457
0.069696	-0.047876	0.011118
0.0651699	-0.0416216	0.00175149
0.05616	-0.0365706	-0.00772974
0.0400054	-0.0317946	-0.0165117
0.0189996	-0.0297494	-0.0238216
-0.00245724	-0.0315629	-0.0296081
-0.0235117	-0.034877	-0.0321562
-0.0392313	-0.0383675	-0.0316668
-0.052997	-0.0432058	-0.0276485
-0.0588671	-0.0480346	-0.0221349
-0.0595795	-0.053247	-0.0141694
-0.055716	-0.056923	-0.0046021
-0.0464339	-0.0610954	0.0044296
-0.0357548	-0.0654679	0.0142734
-0.0256404	-0.0698161	0.0224465
-0.0119671	-0.0711571	0.0278215
0.00112085	-0.0717737	0.0311804
0.0125302	-0.0719845	0.032588
0.0229863	-0.070956	0.0311975
0.0289447	-0.069479	0.0271568
0.0298533	-0.0698034	0.0216076
0.0321033	-0.068447	0.0141846
0.0340092	-0.067187	0.00698034
0.0367597	-0.064046	-0.00190737
0.0385776	-0.0606542	-0.0117412
0.0373578	-0.0580763	-0.0202397
0.0360407	-0.0541323	-0.0263924
0.0295529	-0.0538191	-0.0303034
0.0163063	-0.0554085	-0.0308595
-0.00214425	-0.0573755	-0.028788
-0.0214551	-0.0625653	-0.024743
-0.0395535	-0.0701637	-0.01719
-0.053608	-0.0727779	-0.00799323
-0.0634478	-0.0762383	0.00253255
-0.0722613	-0.083928	0.0142823
-0.0742035	-0.0868457	0.0243193
-0.0707157	-0.0902087	0.0331541
-0.0627849	-0.0938066	0.0393773
-0.0516003	-0.0965494	0.0433183
-0.0347884	-0.0979924	0.0447832
-0.0137561	-0.0972721	0.0423504
0.00335377	-0.092858	0.0374343
0.0180648	-0.0878475	0.030164
0.0301759	-0.0832212	0.0203042
0.035849	-0.0797446	0.010241
0.0360866	-0.0765738	0.00115048
0.0307551	-0.0757295	-0.00729855
0.0192371	-0.0753118	-0.014101
0.00382757	-0.0736135	-0.0192348
-0.0163003	-0.0732224	-0.0232812
-0.0373153	-0.0751437	-0.0251226
-0.0571125	-0.0760395	-0.0244426
-0.0797117	-0.0798114	-0.0218669
-0.0964436	-0.083608	-0.0188827
-0.109766	-0.0878625	-0.013878
-0.119868	-0.092212	-0.00791665
-0.126176	-0.0965316	-0.000626003
-0.120766	-0.097216	0.0057276
-0.109407	-0.0961485	0.0126551
-0.0961	-0.094171	0.0183187
-0.0831305	-0.094235	0.019828
-0.0718317	-0.092413	0.0200174
-0.0625515	-0.0892725	0.0187095
-0.05749	-0.0881195	0.016824
-0.05184	-0.084027	0.0126306
-0.0449953	-0.07788	0.00668275
-0.0425423	-0.0726876	0.000933719
-0.0448841	-0.0695455	-0.00585275
-0.054725	-0.068118	-0.0116712
-0.0709893	-0.0678775	-0.0150909
-0.088333	-0.067224	-0.0163294
-0.102247	-0.0675291	-0.0161221
-0.11435	-0.0680604	-0.013655
-0.120027	-0.06865	-0.00912154
-0.11854	-0.0675618	-0.00308015
-0.113555	-0.065984	0.00353629
-0.106487	-0.0662588	0.0108404
-0.0948974	-0.0665528	0.0168938
-0.0809496	-0.0674521	0.0219675
-0.0655544	-0.0670124	0.0256924
-0.0483018	-0.0658403	0.0286276
-0.0307588	-0.0638509	0.0300987
-0.0151239	-0.060806	0.0300823
-0.0026436	-0.0581341	0.0271033
0.00747339	-0.0538406	0.0209396
0.0139628	-0.0499232	0.0148624
0.0162094	-0.0461744	0.0089347
0.0150017	-0.0416961	0.00217893
0.00742445	-0.0404678	-0.00320244
-0.00271992	-0.0387417	-0.00746025
-0.0151794	-0.0377285	-0.00981243
-0.0302539	-0.0402539	-0.00913901
-0.0464719	-0.0420196	-0.00511408
-0.0627417	-0.0458692	0.00134323
-0.0748112	-0.0489942	0.0078354
-0.0816165	-0.0518282	0.0136839
-0.0868317	-0.0570008	0.0199044
-0.085938	-0.0599845	0.025128
-0.0793127	-0.0616212	0.0290146
-0.0695645	-0.0620435	0.0307682
-0.0573005	-0.0617585	0.0300161
-0.0450745	-0.0628387	0.0283682
-0.0327002	-0.062706	0.0257301
-0.01965	-0.0604917	0.0224645
-0.00802752	-0.0586465	0.0192984
-0.00125244	-0.0571165	0.0164648
0.00270537	-0.0552555	0.0116329
0.00162286	-0.0535104	0.00511209
-0.00543689	-0.0515364	-0.000525775
-0.0181474	-0.049977	-0.0055938
-0.0336914	-0.0518565	-0.00852495
-0.0530833	-0.054294	-0.00573986
-0.0690984	-0.0562765	-0.000422756
-0.0747416	-0.0584788	0.00460153
-0.0737809	-0.0579084	0.0093766
-0.068953	-0.058718	0.0138621
-0.0634945	-0.061917	0.0207266
-0.0576435	-0.066355	0.0274282
-0.052211	-0.070494	0.0336899
-0.0436423	-0.0725005	0.0390011
-0.0325807	-0.0729536	0.0445247
-0.0190049	-0.073989	0.0485726
-0.00496737	-0.072755	0.0489817
0.0103633	-0.0702415	0.0447691
0.0271972	-0.06679	0.0370753
0.0424823	-0.0641359	0.0288785
0.054241	-0.061419	0.018758
0.059928	-0.0599795	0.00814285
0.0590145	-0.0598655	-0.00221337
0.0475481	-0.0629755	-0.00878075
0.0317756	-0.0668356	-0.0128058
0.0156884	-0.0672781	-0.0166175
-0.00154046	-0.0685833	-0.0182152
-0.0169103	-0.0727589	-0.0146122
-0.0292964	-0.07537	-0.00752835
-0.0379108	-0.0791312	0.000943878
-0.0452837	-0.0865076	0.0102818
-0.047508	-0.0898394	0.0196101
-0.0454737	-0.092754	0.0300523
-0.0393966	-0.0957948	0.0372641
-0.029899	-0.0955214	0.0412569
-0.0190172	-0.0950895	0.0435179
-0.00435336	-0.0921836	0.0431995
0.0105057	-0.089821	0.0405819
0.0225745	-0.086593	0.0348867
0.0341212	-0.0811688	0.0278637
0.0384745	-0.0785299	0.0230028
0.0362418	-0.0771705	0.0181624
0.0325499	-0.072207	0.0104319
0.0240378	-0.0691583	0.00105107
0.012455	-0.0662036	-0.00658499
0.000214032	-0.0656468	-0.0100665
-0.0111851	-0.0667387	-0.0101407
-0.0200433	-0.0668475	-0.0100883
-0.0266304	-0.0666548	-0.00825338
-0.0314461	-0.0674115	-0.00381093
-0.0370728	-0.068391	0.00340333
-0.0427391	-0.0705402	0.0123809
-0.0451044	-0.0732535	0.0213741
-0.0448488	-0.0734742	0.0306214
-0.0398398	-0.0744577	0.0395113
-0.0319091	-0.0758417	0.0469901
-0.0196469	-0.0755494	0.0503989
-0.00402466	-0.0744992	0.0502618
0.0091773	-0.072485	0.0477769
0.0183765	-0.0711739	0.0435408
0.0260256	-0.0691433	0.0374973
0.0316558	-0.0678848	0.0292169
0.0340111	-0.0681464	0.0193177
0.0327936	-0.067712	0.00802835
0.0302238	-0.0668252	-0.00315344
0.0233308	-0.0648714	-0.0099619
0.0123635	-0.0616356	-0.0139076
0.00254023	-0.0611429	-0.0184852
-0.0081513	-0.0628605	-0.0170862
-0.0204348	-0.0658846	-0.00904165
-0.0245417	-0.0673032	-0.00185706
-0.0284439	-0.071941	0.00765218
-0.0271804	-0.0760565	0.0171882
-0.0231782	-0.0789086	0.0274708
-0.0170582	-0.08429	0.0374804
-0.0159223	-0.0918265	0.0475387
-0.0132175	-0.095623	0.055231
-0.0081031	-0.096904	0.0594735
-0.00312924	-0.0954611	0.0594332
0.00122135	-0.093809	0.055721
0.00469108	-0.090918	0.0482411
0.00836625	-0.0873935	0.0388961
0.0102532	-0.085678	0.0292927
0.0096591	-0.0833818	0.0191442
0.0072775	-0.0790445	0.00654975
-5.92175e-05	-0.0768975	-0.00547695
-0.0103066	-0.075173	-0.0132555
-0.0197666	-0.0744363	-0.0150699
-0.026978	-0.0736783	-0.0122993
-0.0320585	-0.0741865	-0.0082918
-0.0354166	-0.0762352	-0.0016051
-0.0338961	-0.0775279	0.00853549
-0.0304381	-0.07937	0.0211158
-0.0235999	-0.0810881	0.0344034
-0.0149408	-0.0836437	0.0467956
-0.00718761	-0.0881552	0.0559659
-0.00331092	-0.0924612	0.0628665
0.00145771	-0.0923723	0.0620445
0.00411607	-0.0922712	0.0548294
0.00371953	-0.091478	0.0408447
0.0014239	-0.0933672	0.0250665
-0.0018645	-0.0943505	0.010999
-0.00700152	-0.0951843	-0.00298094
-0.0152274	-0.096985	-0.0141183
-0.0225074	-0.0979858	-0.0214062
-0.0321731	-0.0984987	-0.0262516
-0.0415707	-0.099077	-0.0276947
-0.0469685	-0.0993495	-0.0242657
-0.0476721	-0.0979996	-0.0150124
-0.047738	-0.0970263	-0.0006836
-0.0466809	-0.0966245	0.0161652
-0.0477119	-0.0986018	0.0348808
-0.0481235	-0.099295	0.0525638
-0.0417612	-0.0992817	0.0664342
-0.0333113	-0.100295	0.076828
-0.0269412	-0.0986582	0.0826567
-0.0227885	-0.0961222	0.0839207
-0.0175621	-0.0936395	0.0789102
-0.0118121	-0.0908393	0.0669723
-0.0086414	-0.0905847	0.051961
-0.00467054	-0.0921925	0.0323103
-0.000941005	-0.0951621	0.0103664
-0.0011639	-0.097934	-0.00830155
-0.00375368	-0.100193	-0.0261969
-0.00933616	-0.103365	-0.041926
-0.0164433	-0.106669	-0.0542796
-0.0199659	-0.108359	-0.0607389
-0.0207056	-0.106545	-0.05859
-0.0195123	-0.104042	-0.050562
-0.0168428	-0.101678	-0.0400178
-0.0154443	-0.0984313	-0.0276447
-0.0164841	-0.0958545	-0.0115432
-0.0180371	-0.093423	0.00657465
-0.0168578	-0.0889948	0.0244863
-0.0151132	-0.0864515	0.0389135
-0.0144193	-0.086025	0.05186
-0.0154555	-0.090502	0.061904
-0.0157994	-0.093771	0.06387
-0.0168374	-0.094752	0.056135
-0.0185432	-0.0959615	0.0423491
-0.020164	-0.096008	0.0282982
-0.0219708	-0.093856	0.0144319
-0.0234656	-0.0936579	-0.000167245
-0.0247078	-0.095378	-0.0169253
-0.0287412	-0.0943655	-0.0298869
-0.0328717	-0.09486	-0.0386056
-0.0370645	-0.0959865	-0.0418583
-0.0396195	-0.0946777	-0.0401107
-0.0407766	-0.092792	-0.03382
-0.039468	-0.0923001	-0.0255274
-0.0377546	-0.094712	-0.0143194
-0.0365239	-0.0968272	0.000295712
-0.0352815	-0.0991082	0.0154047
-0.0314477	-0.100329	0.0286698
-0.027816	-0.101224	0.0377933
-0.0261311	-0.10132	0.043046
-0.0274496	-0.099676	0.0429016
-0.02981	-0.0965828	0.0366953
-0.0322278	-0.094143	0.0289473
-0.0344325	-0.0915815	0.0216436
-0.0319971	-0.089093	0.0159245
-0.0264599	-0.0889668	0.0120983
-0.0233548	-0.0876271	0.00813964
-0.0210985	-0.0798945	0.00582496
-0.0269633	-0.0744212	0.00227034
-0.0308897	-0.0743978	-0.00342757
-0.0288593	-0.0593773	-0.00865643
-0.0341716	-0.0368288	-0.0133571
-0.020927	-0.0140017	-0.0200277
