0.00172126	0.000390454	-6.4491e-05
0.00443122	0.00166651	-0.00113757
0.0107499	0.00254846	-0.00164309
0.0167624	0.000955632	-0.00258072
0.0186835	-4.26577e-05	-0.00673877
0.0212959	-0.000509431	-0.0114586
0.0259652	0.000468863	-0.0142488
0.0326458	0.00238918	-0.0167448
0.0345003	0.00220695	-0.019678
0.0365081	0.00251151	-0.0199096
0.0419462	0.00349558	-0.0197321
0.0468681	0.00320032	-0.0214999
0.0521057	0.00140194	-0.0235078
0.0599578	0.00222806	-0.0243252
0.0640484	0.00206277	-0.0277351
0.0682712	0.00167206	-0.0299574
0.0725905	0.0013414	-0.0310635
0.0772241	0.00235766	-0.0324188
0.084426	0.00271623	-0.032015
0.0880667	0.00119106	-0.0322517
0.0934245	0.00083345	-0.0327412
0.101165	0.00106938	-0.0311098
0.104677	-0.000560133	-0.0311586
0.110391	-0.00143234	-0.030559
0.118517	-0.00214935	-0.027622
0.125285	-0.00227861	-0.0259781
0.130513	-0.00350842	-0.0240496
0.134487	-0.00440278	-0.0235077
0.144397	-0.00480186	-0.022656
0.153324	-0.00538197	-0.022158
0.158766	-0.00694078	-0.0230365
0.16441	-0.00918793	-0.0219791
0.171616	-0.00888168	-0.021532
0.179198	-0.00841545	-0.0213723
0.182966	-0.00788904	-0.0216378
0.187498	-0.00616795	-0.0213191
0.194929	-0.00599785	-0.01889
0.198871	-0.00578239	-0.0192175
0.201796	-0.00621245	-0.0222833
0.209008	-0.00533915	-0.0218483
0.217182	-0.00527026	-0.0227517
0.221791	-0.00502975	-0.0244003
0.225889	-0.005449	-0.0243597
0.234197	-0.00486174	-0.0231744
0.242926	-0.00367743	-0.0217339
0.24457	-0.00403914	-0.0235711
0.251189	-0.00463593	-0.025101
0.264111	-0.00411931	-0.0242498
0.268306	-0.0048126	-0.0250769
0.272866	-0.00511795	-0.0258483
0.281231	-0.00354891	-0.025036
0.286923	-0.00252135	-0.0276822
0.291307	-0.00202136	-0.0291221
0.294171	-0.0029902	-0.0279493
0.302122	-0.00243998	-0.0262647
0.305967	-0.00299349	-0.027444
0.307316	-0.00522075	-0.0293216
0.316662	-0.0050492	-0.0284741
0.322688	-0.00581647	-0.0293628
0.326652	-0.0059003	-0.0306307
0.331413	-0.00707683	-0.0303064
0.334291	-0.0080426	-0.0307104
0.342375	-0.00589176	-0.0296864
0.347856	-0.0053914	-0.028588
0.348482	-0.00613435	-0.0309986
0.357174	-0.00497025	-0.0307181
0.366844	-0.00421178	-0.0279521
0.36767	-0.00595368	-0.0308813
0.370093	-0.00712558	-0.0341563
0.382466	-0.00495623	-0.0335489
0.390322	-0.00507043	-0.0353587
0.390963	-0.00632835	-0.0390639
0.40086	-0.0060278	-0.0401047
0.410239	-0.0065555	-0.0400602
0.414919	-0.00808036	-0.0415113
0.422702	-0.00969666	-0.043065
0.429038	-0.00999015	-0.0446534
0.434634	-0.00951749	-0.0456084
0.440211	-0.00919942	-0.0480645
0.443334	-0.011531	-0.049277
0.450581	-0.0125619	-0.0482593
0.457421	-0.0136039	-0.0481293
0.459455	-0.0151964	-0.0495937
0.464352	-0.0161599	-0.0495379
0.469742	-0.0159646	-0.050852
0.475614	-0.0153157	-0.051005
0.484025	-0.0142877	-0.0516905
0.486567	-0.0143796	-0.054308
0.494041	-0.0135523	-0.053617
0.503735	-0.012289	-0.0522452
0.50783	-0.0133597	-0.053132
0.513767	-0.0143883	-0.051903
0.522297	-0.0135336	-0.0516288
0.528724	-0.013078	-0.052808
0.534725	-0.0133562	-0.0513828
0.544325	-0.0126432	-0.0495611
0.550591	-0.0125846	-0.0515602
0.552574	-0.0147498	-0.0545206
0.560695	-0.0136464	-0.055348
0.570157	-0.0132514	-0.0566791
0.574215	-0.0143225	-0.058343
0.578105	-0.0161988	-0.059403
0.586149	-0.0162569	-0.0593968
0.59153	-0.0176992	-0.0601075
0.594792	-0.0189293	-0.0613633
0.602658	-0.0189735	-0.0620672
0.610776	-0.0190429	-0.0625284
0.616307	-0.0201401	-0.0625452
0.623114	-0.0213417	-0.0625115
0.63121	-0.0218809	-0.0644007
0.6372	-0.0238093	-0.0644555
0.64058	-0.0250387	-0.0657415
0.64709	-0.0242687	-0.0666935
0.65543	-0.0240598	-0.066917
0.65928	-0.0244309	-0.066991
0.664134	-0.0245375	-0.0652082
0.668718	-0.0247036	-0.0641059
0.670658	-0.024672	-0.063924
0.6743	-0.0255884	-0.0622565
0.67601	-0.0273071	-0.0617269
0.679518	-0.0300437	-0.0613757
0.682485	-0.0330766	-0.061323
0.68673	-0.0345688	-0.0608767
0.6898	-0.0365765	-0.0618177
0.691772	-0.0383634	-0.0634402
0.697568	-0.0395675	-0.063679
0.701565	-0.0408133	-0.0616475
0.701795	-0.0416015	-0.0621638
0.703151	-0.0413833	-0.0639542
0.708305	-0.0393509	-0.0622552
0.711207	-0.0382414	-0.0596988
0.710605	-0.0382786	-0.059552
0.711518	-0.039397	-0.0597975
0.717807	-0.0391114	-0.0596068
0.725093	-0.039215	-0.0595657
0.726367	-0.0422251	-0.061793
0.73067	-0.0441357	-0.0629351
0.741421	-0.0430825	-0.063414
0.745907	-0.0433605	-0.0646397
0.74583	-0.0447069	-0.0662663
0.753743	-0.0437578	-0.066787
0.758755	-0.0431949	-0.0682487
0.75944	-0.0446712	-0.070326
0.765983	-0.0437844	-0.0712337
0.77232	-0.0438079	-0.0727665
0.773255	-0.0436308	-0.074247
0.776485	-0.0421524	-0.0740983
0.783098	-0.0403044	-0.0737593
0.783588	-0.0408794	-0.0748698
0.78363	-0.0406286	-0.076035
0.791771	-0.0381451	-0.0765409
0.795895	-0.0373955	-0.0770218
0.794325	-0.0386739	-0.076305
0.799479	-0.0374272	-0.0749543
0.804345	-0.0370729	-0.0741245
0.804673	-0.0383922	-0.0731369
0.807115	-0.0390077	-0.0728227
0.81208	-0.0367962	-0.07315
0.812507	-0.0362751	-0.0723424
0.812226	-0.0358058	-0.0712221
0.815566	-0.0337582	-0.0713301
0.818211	-0.0328775	-0.0712879
0.818505	-0.0321023	-0.0712395
0.820174	-0.0292248	-0.0704816
0.82528	-0.0265999	-0.0698426
0.826355	-0.0262829	-0.0698775
0.825042	-0.0257444	-0.069798
0.829291	-0.0243066	-0.0715889
0.832025	-0.0244655	-0.0731576
0.83326	-0.0249989	-0.0742783
0.835757	-0.0257255	-0.0756246
0.838647	-0.0264848	-0.077084
0.840866	-0.0274062	-0.0786299
0.844425	-0.0278479	-0.078501
0.846945	-0.0285857	-0.0791537
0.84879	-0.0293291	-0.0787795
0.855195	-0.0280601	-0.0784065
0.859835	-0.0278147	-0.0783148
0.860374	-0.0281265	-0.0765595
0.86277	-0.0280867	-0.0759997
0.868515	-0.0267398	-0.076357
0.872328	-0.0266446	-0.0761214
0.87463	-0.0267892	-0.0750878
0.87838	-0.0260739	-0.0731735
0.882327	-0.0250247	-0.0715332
0.883778	-0.0236033	-0.0714747
0.88437	-0.0238319	-0.0720721
0.886508	-0.0237363	-0.0715223
0.88945	-0.0232901	-0.071592
0.890932	-0.0238228	-0.0716951
0.892491	-0.0238234	-0.071669
0.894787	-0.0249171	-0.0708133
0.897859	-0.0256654	-0.0708824
0.897955	-0.0275526	-0.0726445
0.900326	-0.0291573	-0.073486
0.903937	-0.0311151	-0.073644
0.90687	-0.0324988	-0.074993
0.910012	-0.0337575	-0.0758685
0.912707	-0.0340663	-0.0751841
0.9152	-0.0351101	-0.0749241
0.919168	-0.0357509	-0.0750159
0.923203	-0.0362985	-0.0757553
0.927515	-0.0362042	-0.076186
0.930708	-0.036346	-0.0767978
0.933095	-0.0371592	-0.07888
0.93687	-0.0377003	-0.0809465
0.939915	-0.0389246	-0.08279
0.944245	-0.0401957	-0.0849295
0.948187	-0.0424453	-0.088132
0.950625	-0.0444678	-0.091643
0.955117	-0.0461094	-0.092345
0.96091	-0.0459736	-0.091378
0.963959	-0.0464017	-0.0910818
0.967983	-0.046936	-0.0903018
0.972285	-0.0484683	-0.0893545
0.976985	-0.0509208	-0.0903565
0.983758	-0.0511535	-0.090929
0.989934	-0.0521957	-0.0913022
0.994467	-0.0525765	-0.0940157
0.998315	-0.052703	-0.096037
1.00142	-0.0528287	-0.0995286
1.00466	-0.053283	-0.103501
1.00942	-0.0526913	-0.106468
1.01593	-0.0517625	-0.107551
1.0211	-0.0512625	-0.109022
1.0247	-0.0497518	-0.11112
1.02819	-0.0488294	-0.110786
1.03075	-0.0494291	-0.110487
1.03391	-0.0496395	-0.109334
1.04096	-0.0497573	-0.109337
1.04568	-0.0508083	-0.109815
1.04779	-0.05239	-0.111644
1.05199	-0.0534891	-0.112185
1.05822	-0.054685	-0.111354
1.06216	-0.0566271	-0.111875
1.06659	-0.0581115	-0.111262
1.07628	-0.0586325	-0.110033
1.08475	-0.060208	-0.10992
1.08845	-0.0610505	-0.111804
1.09403	-0.0600608	-0.114604
1.09931	-0.062416	-0.117764
1.10814	-0.0669328	-0.118178
1.12098	-0.0690145	-0.120058
1.12609	-0.0707337	-0.12237
1.12926	-0.0730428	-0.122707
1.13415	-0.072749	-0.125308
1.13392	-0.0704025	-0.127713
1.13295	-0.0695645	-0.128252
1.13514	-0.0692612	-0.127866
1.13827	-0.0697377	-0.125662
1.14301	-0.0707025	-0.122297
1.14734	-0.0721915	-0.123575
1.15066	-0.0717231	-0.127569
1.15621	-0.0712952	-0.129177
1.15814	-0.0722782	-0.130329
1.15723	-0.0723	-0.13352
1.16127	-0.0712824	-0.134853
1.16563	-0.0698365	-0.134506
1.17078	-0.0677005	-0.134441
1.17516	-0.067839	-0.132543
1.18172	-0.0662912	-0.129988
1.18836	-0.0649281	-0.129296
1.19507	-0.0641133	-0.126634
1.20437	-0.0620286	-0.123222
1.20691	-0.0611387	-0.122899
1.21361	-0.0596376	-0.123759
1.22271	-0.057665	-0.123477
1.22687	-0.0558425	-0.125279
1.23349	-0.0544795	-0.127797
1.24059	-0.0537105	-0.128932
1.24819	-0.0526604	-0.131012
1.25701	-0.0528019	-0.132515
1.26715	-0.0524658	-0.13223
1.27425	-0.052702	-0.133342
1.27948	-0.0529144	-0.133838
1.28909	-0.050629	-0.13344
1.29903	-0.0479641	-0.13393
1.30247	-0.0471762	-0.13406
1.30631	-0.0447583	-0.13464
1.31414	-0.0406397	-0.134048
1.31868	-0.0384933	-0.136089
1.32307	-0.0369556	-0.138615
1.3287	-0.0357162	-0.137532
1.33212	-0.0347744	-0.138908
1.33646	-0.0341317	-0.142148
1.34325	-0.0339953	-0.141363
1.346	-0.0347183	-0.141393
1.34897	-0.0347108	-0.143245
1.35306	-0.0351189	-0.143389
1.35414	-0.0374551	-0.143211
1.35559	-0.0373982	-0.143221
1.35819	-0.0379726	-0.144663
1.36048	-0.039936	-0.144281
1.36284	-0.0416996	-0.143378
1.36426	-0.0426721	-0.145189
1.36579	-0.0438432	-0.146066
1.37131	-0.0439739	-0.143417
1.37549	-0.0426182	-0.142929
1.3776	-0.0419561	-0.145441
1.38121	-0.0424377	-0.145682
1.38716	-0.0412703	-0.146801
1.38933	-0.0404608	-0.150545
1.39263	-0.0399783	-0.151729
1.39813	-0.0383857	-0.151923
1.40132	-0.0367096	-0.151624
1.40458	-0.0354591	-0.150002
1.40906	-0.0331909	-0.148919
1.41104	-0.0329413	-0.148496
1.41449	-0.0327493	-0.147002
1.42101	-0.0315399	-0.146006
1.42671	-0.0304254	-0.146271
1.4291	-0.0302906	-0.147791
1.4334	-0.0302112	-0.147693
1.43902	-0.0293905	-0.147712
1.44064	-0.0313869	-0.148181
1.44275	-0.0329231	-0.147846
1.45129	-0.0308534	-0.146536
1.45569	-0.0308009	-0.147025
1.45728	-0.0310442	-0.149714
1.46244	-0.0304843	-0.150905
1.46869	-0.030372	-0.151225
1.47121	-0.0311516	-0.152852
1.47447	-0.0321221	-0.155689
1.47966	-0.0319803	-0.156421
1.48596	-0.0311677	-0.155598
1.48937	-0.0312347	-0.156023
1.49229	-0.0320403	-0.157945
1.49954	-0.0328715	-0.156543
1.50303	-0.033824	-0.155455
1.50447	-0.0328174	-0.156098
1.51032	-0.0312102	-0.156612
1.51516	-0.0301387	-0.156582
1.51641	-0.0314923	-0.157566
1.52108	-0.031696	-0.158476
1.52769	-0.0318354	-0.159064
1.5332	-0.0326862	-0.159816
1.53655	-0.0341288	-0.161658
1.54344	-0.0348206	-0.162497
1.55194	-0.0342244	-0.161699
1.55615	-0.0346347	-0.16189
1.55914	-0.0344134	-0.161051
1.56448	-0.0331215	-0.158683
1.57043	-0.031199	-0.158377
1.57304	-0.0313278	-0.16004
1.57694	-0.0322225	-0.16161
1.58674	-0.0312037	-0.162874
1.59343	-0.0320214	-0.162704
1.59429	-0.0337012	-0.163585
1.59973	-0.034589	-0.165257
1.60782	-0.0347685	-0.165533
1.61464	-0.0355062	-0.165172
1.61971	-0.0365674	-0.166527
1.62677	-0.036824	-0.16866
1.63291	-0.037622	-0.169426
1.63699	-0.0381179	-0.169699
1.64285	-0.0383164	-0.169966
1.65003	-0.0391848	-0.168778
1.65436	-0.0415321	-0.16897
1.66052	-0.0425316	-0.169266
1.66839	-0.0434578	-0.169354
1.67303	-0.044454	-0.171488
1.67806	-0.0451821	-0.171963
1.68368	-0.0452003	-0.17117
1.68767	-0.0464952	-0.172424
1.69099	-0.047367	-0.173942
1.69513	-0.0477753	-0.173593
1.70083	-0.0483001	-0.172989
1.70428	-0.0493396	-0.173158
1.70673	-0.0515915	-0.172017
1.71257	-0.051865	-0.168952
1.7176	-0.05153	-0.166409
1.71616	-0.054918	-0.166192
1.71927	-0.0580175	-0.164324
1.72631	-0.0598135	-0.163841
1.72799	-0.0635385	-0.166068
1.72876	-0.0672638	-0.167482
1.7323	-0.0695549	-0.169329
1.73876	-0.0729036	-0.1712
1.74343	-0.0770024	-0.172732
1.7476	-0.082756	-0.17677
1.75697	-0.084769	-0.181018
1.76754	-0.0869442	-0.185329
1.77436	-0.08966	-0.189504
1.78261	-0.090586	-0.190318
1.79467	-0.0900945	-0.189764
1.79898	-0.0926304	-0.191041
1.80507	-0.0927494	-0.193572
1.81703	-0.0904983	-0.195544
1.82181	-0.0898962	-0.197012
1.8252	-0.0892453	-0.197418
1.83216	-0.0881205	-0.198635
1.83508	-0.0891095	-0.201362
1.83877	-0.0883785	-0.206557
1.84309	-0.088201	-0.211901
1.84606	-0.0884929	-0.215735
1.8502	-0.0890879	-0.219377
1.85528	-0.0880965	-0.220053
1.85907	-0.088595	-0.216222
1.86274	-0.088923	-0.213643
1.86329	-0.0899938	-0.212852
1.86377	-0.0904975	-0.213815
1.86621	-0.0903748	-0.217137
1.86845	-0.0909725	-0.220906
1.87491	-0.0909498	-0.221854
1.87981	-0.0912943	-0.222559
1.88298	-0.0915975	-0.222931
1.88812	-0.0903343	-0.222257
1.89255	-0.089203	-0.222131
1.89355	-0.0890169	-0.224773
1.89696	-0.0880482	-0.227062
1.90433	-0.087809	-0.225301
1.90833	-0.089358	-0.223711
1.91144	-0.0902029	-0.222562
1.91709	-0.0904565	-0.217577
1.92268	-0.0902447	-0.213546
1.92471	-0.0890227	-0.213087
1.92495	-0.0874054	-0.21391
1.92684	-0.0854037	-0.215197
1.93044	-0.0850582	-0.216443
1.93212	-0.0857582	-0.217952
1.93608	-0.0859122	-0.219177
1.94327	-0.085348	-0.217856
1.94814	-0.0848442	-0.217652
1.95027	-0.083643	-0.217181
1.95355	-0.082262	-0.215933
1.95675	-0.080214	-0.214748
1.95832	-0.0780722	-0.214926
1.96136	-0.0763792	-0.21393
1.96398	-0.074814	-0.21225
1.96472	-0.0736165	-0.211885
1.96696	-0.0717472	-0.21132
1.96954	-0.0698525	-0.209502
1.9682	-0.0682317	-0.209358
1.9663	-0.0681135	-0.210278
1.96981	-0.0678733	-0.210134
1.97339	-0.067693	-0.210751
1.97291	-0.069826	-0.211072
1.97525	-0.069369	-0.21167
1.97915	-0.0679253	-0.21144
1.97802	-0.0674455	-0.211227
1.97792	-0.0666654	-0.212602
1.98216	-0.063591	-0.211997
1.9827	-0.0615664	-0.210534
1.98058	-0.0611754	-0.208921
1.98431	-0.0592735	-0.207692
1.98792	-0.0582873	-0.206265
1.986	-0.0589884	-0.204075
1.98759	-0.0578525	-0.202867
1.99204	-0.0565675	-0.203744
1.99082	-0.0576184	-0.204098
1.99342	-0.057837	-0.204847
1.99922	-0.0563868	-0.206851
2.00028	-0.055885	-0.208024
2.00194	-0.0552223	-0.208328
2.00542	-0.0538345	-0.20766
2.00754	-0.0527215	-0.207053
2.00919	-0.053933	-0.207582
2.01127	-0.0544278	-0.207937
2.01541	-0.0544031	-0.208325
2.01864	-0.0546235	-0.208069
2.0192	-0.0565563	-0.207526
2.02191	-0.0576352	-0.209794
2.02834	-0.058006	-0.211283
2.03293	-0.058441	-0.212437
2.03402	-0.0587262	-0.214739
2.04055	-0.0579507	-0.213518
2.04692	-0.0564975	-0.210192
2.04687	-0.0561965	-0.207711
2.04971	-0.0549532	-0.206355
2.05546	-0.053809	-0.207443
2.06123	-0.0539276	-0.209582
2.06754	-0.0549488	-0.212139
2.0743	-0.056122	-0.214952
2.08133	-0.0578501	-0.215758
2.08901	-0.0587451	-0.215944
2.09421	-0.059533	-0.216339
2.09927	-0.0596432	-0.215264
2.10413	-0.0599877	-0.21131
2.10801	-0.0604867	-0.211474
2.11367	-0.0597167	-0.213518
2.11791	-0.0598206	-0.21389
2.12217	-0.0607568	-0.215069
2.12412	-0.0620372	-0.218437
2.1268	-0.0630605	-0.221701
2.1337	-0.0636415	-0.222729
2.13676	-0.06494	-0.222855
2.13757	-0.066706	-0.224024
2.14455	-0.0653303	-0.225004
2.14916	-0.0654594	-0.225214
2.15074	-0.0674357	-0.227081
2.15721	-0.06707	-0.227876
2.16391	-0.0674351	-0.228326
2.16619	-0.0690422	-0.229286
2.16986	-0.069175	-0.229254
2.17475	-0.069085	-0.230392
2.17606	-0.0696208	-0.231944
2.17807	-0.0694637	-0.232342
2.18319	-0.0686987	-0.232232
2.1845	-0.069817	-0.233075
2.18685	-0.0699669	-0.233305
2.19445	-0.0687234	-0.232851
2.19528	-0.0687641	-0.233317
2.19634	-0.0676254	-0.232717
2.20154	-0.065978	-0.231698
2.19973	-0.067736	-0.233022
2.2019	-0.0690075	-0.23401
2.21219	-0.0695665	-0.233145
2.21296	-0.0722077	-0.235021
2.21238	-0.0748879	-0.237196
2.22216	-0.0743449	-0.234392
2.22397	-0.076205	-0.236263
2.22167	-0.0770294	-0.238862
2.23119	-0.0743355	-0.236137
2.23682	-0.0727351	-0.236561
2.23365	-0.072931	-0.239158
2.23794	-0.0713712	-0.239686
2.24583	-0.070344	-0.240836
2.2456	-0.0718825	-0.244087
2.25002	-0.0727502	-0.246677
2.25864	-0.0728123	-0.247797
2.26076	-0.073743	-0.24828
2.2649	-0.0732855	-0.248468
2.26785	-0.0731621	-0.249885
2.2695	-0.0737873	-0.251797
2.2766	-0.0735015	-0.252341
2.28241	-0.0745962	-0.253234
2.2851	-0.076604	-0.254476
2.2915	-0.0771971	-0.254022
2.29848	-0.076783	-0.253437
2.29928	-0.0771645	-0.254597
2.30324	-0.0771498	-0.254276
2.30759	-0.0768509	-0.25612
2.30894	-0.0764968	-0.258324
2.3142	-0.0754275	-0.259946
2.31765	-0.0757065	-0.262138
2.31964	-0.0767734	-0.263472
2.32533	-0.0779812	-0.264839
2.32969	-0.079902	-0.266344
2.33463	-0.0808538	-0.269006
2.33797	-0.0816403	-0.271434
2.34262	-0.0797755	-0.27115
2.34671	-0.0768889	-0.272605
2.34437	-0.0774942	-0.276894
2.34583	-0.0776365	-0.274837
2.35025	-0.0771599	-0.274175
2.35155	-0.078038	-0.2803
2.35573	-0.080161	-0.281793
2.363	-0.0811625	-0.282115
2.36574	-0.0829745	-0.28624
2.36813	-0.0853381	-0.288222
2.3752	-0.0849439	-0.287575
2.37946	-0.0844288	-0.288399
2.38015	-0.083855	-0.28866
2.38238	-0.0826086	-0.288402
2.38432	-0.0822405	-0.29084
2.38667	-0.081803	-0.292874
2.39157	-0.0813595	-0.292342
2.39362	-0.0821217	-0.293148
2.39556	-0.0819444	-0.294967
2.3999	-0.079564	-0.29335
2.3997	-0.079177	-0.29162
2.39815	-0.077994	-0.289804
2.40361	-0.07695	-0.287763
2.40719	-0.0784255	-0.286336
2.40691	-0.0805389	-0.286729
2.41342	-0.0815055	-0.288344
2.42062	-0.0824371	-0.28676
2.42383	-0.083873	-0.286514
2.42855	-0.084016	-0.287906
2.4325	-0.0847073	-0.289631
2.43577	-0.0844987	-0.291838
2.44302	-0.0832934	-0.293145
2.44745	-0.0833005	-0.294015
2.45007	-0.0826791	-0.294859
2.45786	-0.079783	-0.295723
2.46093	-0.0790459	-0.296845
2.46165	-0.07911	-0.298101
2.46797	-0.0767175	-0.300208
2.47112	-0.074132	-0.302058
2.46989	-0.0733195	-0.303952
2.47138	-0.0709541	-0.306408
2.47287	-0.0691364	-0.307898
2.47163	-0.0701262	-0.308863
2.47467	-0.069239	-0.307875
2.48132	-0.0667275	-0.305296
2.47905	-0.0681993	-0.303972
2.47813	-0.0685855	-0.30054
2.48281	-0.0670393	-0.295015
2.48067	-0.068376	-0.293513
2.47997	-0.0708513	-0.293523
2.48452	-0.0717689	-0.294742
2.48605	-0.072583	-0.297296
2.48811	-0.0732	-0.297085
2.48966	-0.0732812	-0.296995
2.4925	-0.0733145	-0.29515
2.49642	-0.0737274	-0.291777
2.49734	-0.0741015	-0.291746
2.49857	-0.073115	-0.291122
2.50379	-0.0702712	-0.289421
2.50296	-0.069188	-0.290873
2.5029	-0.0683518	-0.292429
2.50635	-0.0680791	-0.293289
2.51007	-0.0687687	-0.293794
2.51573	-0.06851	-0.293108
2.51796	-0.0693391	-0.294407
2.52075	-0.0700923	-0.296638
2.52868	-0.0694992	-0.297177
2.53491	-0.0701585	-0.296957
2.53768	-0.0715668	-0.298491
2.54489	-0.0714605	-0.299383
2.55557	-0.070477	-0.297479
2.56181	-0.0707657	-0.296348
2.56514	-0.0702299	-0.299068
2.57201	-0.0686822	-0.299655
2.58024	-0.0679	-0.295823
2.58272	-0.0675985	-0.294451
2.58468	-0.0669213	-0.295911
2.58927	-0.0662735	-0.294544
2.59472	-0.0655098	-0.294751
2.59464	-0.0660108	-0.298065
2.59614	-0.0657737	-0.301308
2.60048	-0.0657069	-0.304709
2.60396	-0.0670175	-0.304022
2.60883	-0.0661216	-0.304821
2.60917	-0.0654453	-0.309373
2.60994	-0.0635571	-0.310918
2.61889	-0.0612477	-0.308641
2.62443	-0.0614615	-0.306291
2.62398	-0.0617542	-0.307322
2.6314	-0.0616581	-0.306125
2.64352	-0.0621515	-0.301607
2.65003	-0.0632458	-0.30056
2.65446	-0.0620478	-0.302828
2.66023	-0.0607674	-0.304995
2.66882	-0.0613861	-0.30312
2.67957	-0.0612807	-0.299785
2.68826	-0.0595375	-0.298233
2.69355	-0.0575873	-0.297771
2.70104	-0.0555115	-0.299219
2.70988	-0.052435	-0.300948
2.71492	-0.051444	-0.303076
2.72154	-0.050785	-0.305894
2.73071	-0.051121	-0.309358
2.73796	-0.0528026	-0.311498
2.74592	-0.0555428	-0.313178
2.7569	-0.057711	-0.316428
2.7654	-0.0597811	-0.319638
2.77327	-0.0607393	-0.320129
2.78225	-0.061214	-0.322334
2.78904	-0.0599338	-0.324035
2.7968	-0.0573267	-0.321613
2.80306	-0.0550292	-0.31918
2.80363	-0.0536131	-0.319139
2.80775	-0.05241	-0.318148
2.81385	-0.0517519	-0.316025
2.81652	-0.0521669	-0.316458
2.81747	-0.0542501	-0.31865
2.82333	-0.0562084	-0.319621
2.83007	-0.0585905	-0.321534
2.8335	-0.0609931	-0.325105
2.83846	-0.0627175	-0.327608
2.84561	-0.0627015	-0.329605
2.85376	-0.061126	-0.330767
2.85816	-0.0603136	-0.330389
2.8589	-0.0592825	-0.331777
2.86535	-0.0567226	-0.331566
2.8713	-0.0570688	-0.330486
2.87315	-0.0585678	-0.332007
2.88122	-0.0577069	-0.33392
2.8932	-0.056514	-0.333716
2.89685	-0.0590413	-0.334187
2.90234	-0.05904	-0.335096
2.914	-0.0581485	-0.336286
2.91968	-0.0604226	-0.341109
2.9222	-0.0631481	-0.347881
2.93143	-0.0633118	-0.349412
2.94213	-0.0625575	-0.346587
2.94565	-0.062311	-0.347668
2.94889	-0.0618613	-0.349403
2.95591	-0.0598055	-0.349929
2.96028	-0.0587482	-0.351651
2.96422	-0.0572945	-0.351501
2.97182	-0.0550838	-0.349697
2.97701	-0.0549348	-0.349097
2.98062	-0.0553145	-0.349845
2.98471	-0.0549262	-0.351636
2.99153	-0.0524951	-0.350884
2.99812	-0.0503037	-0.35041
2.99798	-0.0505954	-0.353088
3.00387	-0.0497116	-0.35282
3.01583	-0.0472815	-0.350275
3.01837	-0.0465321	-0.350814
3.01571	-0.0459128	-0.35429
3.02484	-0.0414481	-0.355264
3.03286	-0.0397051	-0.354243
3.03014	-0.0415278	-0.356369
3.03421	-0.0405403	-0.357446
3.04709	-0.0367575	-0.356793
3.04744	-0.0369111	-0.35783
3.04645	-0.0366471	-0.359193
3.05897	-0.0340259	-0.358361
3.0649	-0.0340088	-0.356324
3.06361	-0.0365394	-0.356328
3.06975	-0.0365681	-0.357477
3.07701	-0.0368653	-0.358759
3.08054	-0.0388617	-0.360381
3.0874	-0.040529	-0.361523
3.09748	-0.0419909	-0.362655
3.10438	-0.0429183	-0.364808
3.11061	-0.0429583	-0.366748
3.11889	-0.0427128	-0.367771
3.12634	-0.0434287	-0.369187
3.13372	-0.0440907	-0.369682
3.14359	-0.0449415	-0.370292
3.15311	-0.0466957	-0.372042
3.1613	-0.0478878	-0.374874
3.17064	-0.0478846	-0.376933
3.17874	-0.0479955	-0.378315
3.18591	-0.0475895	-0.379955
3.19306	-0.0478907	-0.38094
3.19859	-0.0480626	-0.382806
3.20321	-0.0485024	-0.385263
3.21005	-0.0478996	-0.386559
3.21471	-0.0475502	-0.390272
3.2173	-0.0476363	-0.39276
3.22406	-0.046929	-0.392914
3.22816	-0.0465272	-0.395102
3.22669	-0.0470531	-0.398391
3.22977	-0.0464096	-0.400576
3.23404	-0.0459334	-0.404236
3.23408	-0.0452669	-0.407994
3.2376	-0.0449206	-0.409166
3.24249	-0.044687	-0.40884
3.2448	-0.0458377	-0.408948
3.24826	-0.0470746	-0.409265
3.25477	-0.04747	-0.409211
3.26038	-0.0477287	-0.409539
3.2616	-0.0493258	-0.410041
3.26377	-0.0516905	-0.40837
3.26997	-0.0515127	-0.404889
3.27378	-0.052024	-0.403375
3.27669	-0.052251	-0.402685
3.28629	-0.0506967	-0.400463
3.29291	-0.0515903	-0.398802
3.29522	-0.0528699	-0.399258
3.30141	-0.0520833	-0.399298
3.30859	-0.05149	-0.397886
3.31392	-0.0509114	-0.397485
3.32001	-0.0498908	-0.397438
3.32685	-0.0484822	-0.396092
3.33134	-0.0471757	-0.396436
3.33437	-0.0464287	-0.396095
3.34053	-0.0448503	-0.394814
3.34342	-0.0435707	-0.395221
3.34378	-0.0428319	-0.39687
3.34916	-0.0421005	-0.395719
3.35384	-0.0427837	-0.395876
3.35619	-0.0440516	-0.397332
3.36385	-0.0439002	-0.397662
3.36902	-0.0442627	-0.398863
3.3697	-0.0461819	-0.401055
3.37703	-0.0459506	-0.402605
3.38434	-0.04618	-0.403546
3.38707	-0.0475741	-0.405394
3.39294	-0.0469922	-0.408099
3.4005	-0.0458491	-0.409319
3.40421	-0.0466205	-0.411185
3.40731	-0.0464616	-0.412481
3.41289	-0.0455692	-0.413839
3.415	-0.0457437	-0.414843
3.41728	-0.0459495	-0.414053
3.42144	-0.046251	-0.413942
3.42451	-0.0474445	-0.414521
3.42734	-0.0486337	-0.416701
3.43006	-0.0484111	-0.418038
3.43378	-0.0485391	-0.419958
3.43519	-0.0489651	-0.42168
3.43827	-0.0489253	-0.421775
3.44269	-0.0498922	-0.420906
3.44599	-0.0499411	-0.421286
3.4502	-0.0502245	-0.421905
3.45415	-0.0504898	-0.421624
3.45764	-0.0504075	-0.422976
3.46305	-0.0494897	-0.422456
3.46775	-0.0494006	-0.422973
3.47083	-0.0498657	-0.424975
3.47692	-0.0489084	-0.425286
3.48361	-0.0482335	-0.426013
3.48791	-0.0473681	-0.427238
3.49192	-0.0463019	-0.42753
3.49689	-0.0461764	-0.4275
3.50254	-0.0460183	-0.427171
3.50722	-0.0464138	-0.428554
3.51157	-0.0468393	-0.42937
3.51597	-0.046549	-0.429606
3.52099	-0.0449002	-0.430427
3.52345	-0.0433754	-0.429109
3.52635	-0.0414057	-0.427491
3.53111	-0.039083	-0.427444
3.53435	-0.0378297	-0.428245
3.53644	-0.0378197	-0.428876
3.54042	-0.0377204	-0.429177
3.54533	-0.0374485	-0.429266
3.54861	-0.0379127	-0.428849
3.55202	-0.0383662	-0.42822
3.55638	-0.0381062	-0.4284
3.5607	-0.0374188	-0.429241
3.56328	-0.0372231	-0.429511
3.56675	-0.0361598	-0.428777
3.57022	-0.0355269	-0.428693
3.57267	-0.0343132	-0.428235
3.57502	-0.0330526	-0.427534
3.57827	-0.0318003	-0.427356
3.58112	-0.0308832	-0.426055
3.58325	-0.0301948	-0.424788
3.58487	-0.0291738	-0.422782
3.58631	-0.0270698	-0.420953
3.58728	-0.0242848	-0.419509
3.58734	-0.0225664	-0.419471
3.58894	-0.0222583	-0.420631
3.59333	-0.02177	-0.422142
3.59669	-0.0221257	-0.423409
3.59843	-0.0233639	-0.423589
3.60238	-0.0225127	-0.423646
3.60533	-0.0218228	-0.424325
3.60589	-0.0200056	-0.425074
3.60745	-0.0185824	-0.425941
3.61162	-0.017208	-0.42496
3.61684	-0.0167085	-0.423575
3.62011	-0.0169789	-0.422401
3.62266	-0.0164125	-0.420948
3.62681	-0.0151802	-0.419432
3.62885	-0.0152195	-0.418281
3.63091	-0.015632	-0.417567
3.63385	-0.0161486	-0.416915
3.6372	-0.0167478	-0.416876
3.64082	-0.0174816	-0.417116
3.64212	-0.0184068	-0.417606
3.64368	-0.0193152	-0.417806
3.64695	-0.0197692	-0.418179
3.64875	-0.0214995	-0.418327
3.651	-0.0235304	-0.418844
3.65451	-0.0257911	-0.419245
3.65662	-0.0277244	-0.420652
3.65789	-0.0291163	-0.423102
3.65894	-0.0305427	-0.424795
3.66284	-0.0309792	-0.425512
3.66488	-0.032029	-0.426325
3.66439	-0.0336159	-0.425803
3.66632	-0.0335087	-0.425041
3.66824	-0.0332787	-0.424717
3.66866	-0.0333511	-0.424061
3.66931	-0.033163	-0.423443
3.67011	-0.0341108	-0.424243
3.67206	-0.0349713	-0.424892
3.67439	-0.0359273	-0.426542
3.67777	-0.0369734	-0.429119
3.68212	-0.0375429	-0.430241
3.68634	-0.0373854	-0.430124
3.6895	-0.0368764	-0.429172
3.69103	-0.0364973	-0.428422
3.69463	-0.0356117	-0.428043
3.6992	-0.0353634	-0.428573
3.70138	-0.036695	-0.430286
3.70475	-0.0378131	-0.432915
3.70993	-0.037935	-0.433337
3.71463	-0.0387665	-0.433991
3.71711	-0.0394346	-0.434305
3.72133	-0.0391962	-0.433343
3.72523	-0.0391169	-0.431923
3.72686	-0.0386604	-0.431354
3.7311	-0.0378079	-0.430786
3.73401	-0.037616	-0.430939
3.73609	-0.0386009	-0.430462
3.74068	-0.040808	-0.42951
3.74527	-0.0432964	-0.430119
3.74799	-0.0457697	-0.432928
3.75187	-0.046871	-0.434813
3.75583	-0.0476301	-0.436376
3.75909	-0.0487605	-0.438349
3.7622	-0.0499998	-0.439597
3.76701	-0.0514194	-0.440125
3.77176	-0.0517774	-0.441544
3.77468	-0.0525281	-0.442909
3.77834	-0.0524212	-0.443904
3.78149	-0.0517559	-0.444769
3.78293	-0.0513595	-0.445522
3.78529	-0.0509373	-0.44664
3.78893	-0.0497813	-0.448752
3.79064	-0.0499134	-0.450258
3.79391	-0.0497355	-0.451123
3.79831	-0.0492483	-0.452002
3.80038	-0.0493864	-0.45307
3.80311	-0.050344	-0.453313
3.80507	-0.0496504	-0.453786
3.80639	-0.0494708	-0.453177
3.8099	-0.0486167	-0.452325
3.81251	-0.0488559	-0.451419
3.81475	-0.0483266	-0.451795
3.81901	-0.0478187	-0.452169
3.82262	-0.0485927	-0.451363
3.82575	-0.0495397	-0.450532
3.83036	-0.0488166	-0.450127
3.83406	-0.0478533	-0.450272
3.83506	-0.0477613	-0.450209
3.83865	-0.0464555	-0.450464
3.84505	-0.0449617	-0.450656
3.84911	-0.0451129	-0.44979
3.85279	-0.0449803	-0.450259
3.85841	-0.0442046	-0.451182
3.86433	-0.0438097	-0.451274
3.87042	-0.0427918	-0.450674
3.87612	-0.0413552	-0.450299
3.88199	-0.0392411	-0.451001
3.88736	-0.0380832	-0.450624
3.89438	-0.0367296	-0.450159
3.90189	-0.0354146	-0.449052
3.90798	-0.0338287	-0.448734
3.91434	-0.0316179	-0.449585
3.92021	-0.0298443	-0.449668
3.92489	-0.0293747	-0.449568
3.9313	-0.0287359	-0.44886
3.93667	-0.0284533	-0.450459
3.9403	-0.0287386	-0.451403
3.9458	-0.0278086	-0.450815
3.94958	-0.027529	-0.451768
3.95217	-0.0269461	-0.452265
3.95715	-0.0253622	-0.452917
3.96115	-0.0234719	-0.45297
3.96299	-0.0222165	-0.451999
3.96759	-0.0204966	-0.450796
3.97112	-0.0191815	-0.45115
3.9737	-0.0190702	-0.451067
3.97932	-0.0177802	-0.452592
3.98309	-0.0171071	-0.455121
3.98645	-0.0158146	-0.456179
3.98987	-0.0140542	-0.456896
3.99171	-0.0132429	-0.458115
3.99526	-0.0130723	-0.460232
3.99753	-0.0142181	-0.462605
4.00026	-0.0154629	-0.464236
4.00518	-0.0163621	-0.465783
4.00905	-0.0167811	-0.466799
4.01207	-0.0160495	-0.466731
4.01533	-0.0142204	-0.466426
4.01679	-0.0129067	-0.467786
4.01898	-0.0112842	-0.469536
4.02237	-0.0105295	-0.4697
4.02588	-0.0103162	-0.469252
4.02989	-0.00973655	-0.469128
4.03354	-0.0102708	-0.469776
4.03744	-0.010839	-0.470295
4.04053	-0.0112314	-0.473586
4.04411	-0.0134889	-0.477017
4.05048	-0.0150351	-0.478201
4.05574	-0.0153572	-0.479183
4.0594	-0.0152592	-0.480073
4.06241	-0.0145834	-0.479641
4.06498	-0.0139682	-0.478936
4.06961	-0.0133887	-0.478208
4.07438	-0.013136	-0.477624
4.07866	-0.0130234	-0.476839
4.08085	-0.0133933	-0.475062
4.08427	-0.0124784	-0.473709
4.08708	-0.0117958	-0.473314
4.08671	-0.0122997	-0.47254
4.0875	-0.0130703	-0.47307
4.08973	-0.0151075	-0.474423
4.09301	-0.0159468	-0.475495
4.09725	-0.0141977	-0.477037
4.09885	-0.0120381	-0.476444
4.09878	-0.010395	-0.476119
4.10087	-0.008603	-0.475975
4.104	-0.00668338	-0.475066
4.10547	-0.00569629	-0.474721
4.1077	-0.00382283	-0.47559
4.1123	-0.00146331	-0.475831
4.11533	0.00101911	-0.476008
4.11549	0.00315775	-0.476871
4.12111	0.00576885	-0.47728
4.1286	0.0083977	-0.477772
4.13408	0.00948555	-0.478295
4.14163	0.00951805	-0.478437
4.15223	0.010419	-0.478707
4.15952	0.0110772	-0.478754
4.16654	0.012124	-0.479632
4.17406	0.0122995	-0.480441
4.18345	0.0125231	-0.480815
4.19349	0.0141429	-0.479637
4.19973	0.0148494	-0.478449
4.20649	0.015582	-0.473842
4.21304	0.0156952	-0.471258
4.2167	0.0144222	-0.473618
4.22031	0.0133648	-0.474354
4.22528	0.0137758	-0.475888
4.23086	0.0140555	-0.478663
4.23515	0.012915	-0.480594
4.23979	0.0124847	-0.48335
4.24945	0.014603	-0.48388
4.25692	0.0147597	-0.484554
4.25671	0.0139794	-0.484996
4.2644	0.0158836	-0.486747
4.2774	0.018867	-0.487292
4.28054	0.0175855	-0.486537
4.28324	0.0146954	-0.485354
4.29429	0.013168	-0.485971
4.30345	0.0107035	-0.487772
4.3078	0.00744741	-0.489335
4.31483	0.00483086	-0.489865
4.32375	0.00436431	-0.488688
4.32761	0.00261663	-0.487681
4.33091	0.000125013	-0.487549
4.34151	-0.000260584	-0.486713
4.34828	-0.00231625	-0.48777
4.35166	-0.00511594	-0.490114
4.35972	-0.00643157	-0.492094
4.36701	-0.0071165	-0.49363
4.37189	-0.00839765	-0.493641
4.37632	-0.00875392	-0.494074
4.38143	-0.0084839	-0.494671
4.38547	-0.0087529	-0.495088
4.38875	-0.00946465	-0.497454
4.39352	-0.0099436	-0.499429
4.39904	-0.0110866	-0.501588
4.40327	-0.0124614	-0.503383
4.40651	-0.013536	-0.505485
4.40994	-0.0149593	-0.507731
4.41582	-0.0161598	-0.50843
4.42023	-0.0172917	-0.510154
4.42219	-0.0171645	-0.511987
4.42593	-0.0166939	-0.513075
4.42957	-0.0165832	-0.515251
4.43293	-0.0163901	-0.517325
4.43842	-0.0159677	-0.51897
4.44184	-0.0157469	-0.521367
4.44578	-0.0145491	-0.523618
4.44948	-0.0136064	-0.524709
4.451	-0.0138007	-0.525482
4.45447	-0.0127892	-0.526721
4.46038	-0.0118248	-0.52636
4.46239	-0.0126688	-0.526868
4.4658	-0.0130395	-0.527495
4.4753	-0.0116323	-0.526705
4.47896	-0.0116342	-0.52589
4.47925	-0.0112234	-0.52461
4.48536	-0.00850416	-0.523878
4.49021	-0.00783568	-0.522964
4.49197	-0.00885603	-0.521573
4.49859	-0.00804	-0.52104
4.50654	-0.00792118	-0.52106
4.50939	-0.00926643	-0.52154
4.5121	-0.0092061	-0.52258
4.52065	-0.00765743	-0.522406
4.52744	-0.00689634	-0.521331
4.53032	-0.0070517	-0.520537
4.53769	-0.00632722	-0.520938
4.54538	-0.0063974	-0.521745
4.54966	-0.00710021	-0.52243
4.55545	-0.00703502	-0.52353
4.56293	-0.00627088	-0.525262
4.56773	-0.00582441	-0.525207
4.57269	-0.0052985	-0.52361
4.57929	-0.00447852	-0.523169